	Selection	View	Channel	Begin Time (s)	End Time (s)	Low Freq (Hz)	High Freq (Hz)	Annotation	peso	tamanho torax
0	1	Spectrogram 1	1	1.398033355	3.304442476	114.249	22050.0	vibra_flor_1	0.0306	1.6
1	2	Spectrogram 1	1	4.130553096	6.291150098999999	114.249	22050.0	voo	0.0306	1.6
2	3	Spectrogram 1	1	6.291150098999999	9.214310752000001	0.0	22050.0	vibra_flor_2	0.0306	1.6
3	4	Spectrogram 1	1	17.920245738	21.73306398	0.0	21936.342999999997	vibra_flor_2	0.0306	1.6
4	5	Spectrogram 1	1	31.77348535	34.124723266	114.249	22050.0	vibra_flor_2	0.0306	1.6
5	6	Spectrogram 1	1	38.128182421	38.700105156999996	0.0	21822.095	vibra_flor_2	0.0306	1.6
6	7	Spectrogram 1	1	42.519183225	42.900465049	1819.1	22050.0	vibra_flor_2	0.0306	1.6
7	8	Spectrogram 1	1	51.669947006	52.686698537	227.313	21936.342999999997	voo	0.0306	1.6
8	9	Spectrogram 1	1	57.706909223000004	59.23203652	0.0	22050.0	vibra_flor_3	0.0306	1.6
